.Random.seed <-
c(403L, 10L, 918480767L, -2111252730L, -777232240L, -552240845L, 
-843542831L, -574997376L, 1649028446L, -1873730903L, -1627706021L, 
1534652266L, -1547393524L, -1228083633L, 1869652741L, 1047983036L, 
804226706L, -349813363L, 882693575L, -1823742290L, -718942456L, 
954404107L, -1715295255L, -1417556808L, 1241369446L, -1055088639L, 
564817555L, 33796418L, 31760116L, -658756873L, -88220947L, 660100484L, 
772529066L, -1416838891L, 905710511L, 721040310L, 962660832L, 
-963040989L, 1328594497L, -1508232912L, 970974030L, 1403226553L, 
1677685707L, -1701025670L, -646162052L, 1100007871L, -2088655211L, 
-1505821524L, 1745954434L, 1827860061L, -94695081L, -770884546L, 
-612806536L, 1870125915L, -556865863L, 1390451464L, 613970358L, 
1148858097L, -262813405L, -2122728590L, 71037380L, 740698503L, 
-1067142307L, 722320724L, -578490502L, -491921723L, -108507105L, 
-6457434L, 402401584L, -1786706989L, 1982446065L, -151675104L, 
929864126L, -737113655L, 864120187L, 627047242L, 1616833452L, 
-1444556113L, -487010203L, 1674797084L, -1904611726L, 614486253L, 
1509777703L, -1085117106L, 1664261544L, -80238165L, 1575330505L, 
1120912088L, -1588973690L, 1344250465L, 326310899L, 265825890L, 
-1850165036L, -1394949673L, 872907725L, 993757028L, -1447972022L, 
1718276789L, -991870449L, 1767031574L, 1875029440L, 429477251L, 
-1288076383L, -671646832L, 1568417902L, 1701998105L, -626340181L, 
1056199322L, 1959849564L, 809077599L, -151837387L, -1235143476L, 
2050604578L, -1461849987L, -1460491913L, 276924062L, -724277928L, 
1265067195L, 929430105L, 1303658984L, -2127637482L, -1429553263L, 
-2094268349L, -1987451054L, -13841436L, 80310823L, 828074621L, 
1181578100L, -1000468646L, -1109325403L, 103196095L, -614869434L, 
564507856L, -730026253L, -1620223983L, -1226334656L, 41251358L, 
-1066681111L, -1602730469L, 1948268074L, 172378444L, -1946553585L, 
1434158661L, 1200906236L, -249158062L, 1478532045L, -650668665L, 
791728238L, 1005045832L, -182187445L, -554309719L, 889202424L, 
-880242138L, 280283969L, 1687285971L, 780924034L, -1305038156L, 
1460487735L, -1002197715L, 899548740L, 1169423210L, 1044269013L, 
204661103L, -2062832522L, -813946976L, -498597789L, -663747327L, 
742803568L, 1826534414L, 2066490489L, 259691531L, 43965754L, 
200711228L, 1493236607L, 374319317L, 1117744364L, 718628418L, 
-1551369827L, 380517399L, 1378959742L, 810145592L, -1570308069L, 
-1779543687L, 1994635208L, 841784310L, 127495729L, 1084352611L, 
1049208882L, 848258436L, -76715065L, 886128285L, -510487020L, 
448761018L, 724441349L, -2118477089L, 2010802022L, -1297604880L, 
886605331L, 1273728945L, 1270872672L, -907417602L, 672499593L, 
1613418683L, -1664324470L, -1458942100L, 1412349167L, 93558565L, 
-1308745252L, -1260847182L, 1505969837L, 1310490215L, -413958770L, 
-294749592L, -2130692501L, -1021046775L, 985575064L, 1808087494L, 
2060355873L, -590853709L, -1572104926L, -944353516L, -1010526313L, 
-780470387L, -120706396L, 324871306L, -78857483L, -1328878257L, 
1340443222L, 928807168L, 1689586498L, 1642603008L, -764863940L, 
1091845712L, -772474206L, 2065996616L, 54395404L, 1452973276L, 
-1151284654L, -1377032064L, -1437988012L, 1017256424L, 1836088058L, 
-1732130992L, 1705606188L, 1652458868L, 1658754706L, 2039704160L, 
-637816180L, -102397088L, -350235934L, 1090715816L, 1123430604L, 
673069564L, 83255218L, -1854405136L, 2015692228L, 833498968L, 
-1397269638L, -825911888L, 1096366524L, 242505812L, 1576070082L, 
-372194528L, 1402716092L, 1140009552L, 1055301090L, 352211304L, 
2048834892L, -1156884228L, 537064178L, 291342080L, -37869964L, 
-677160952L, -671798854L, 620578768L, 885144044L, -1729323116L, 
-28945710L, 1080319584L, -50399924L, -2042002144L, -1972301182L, 
-625952280L, 1359063020L, -820009412L, -181100942L, 264373104L, 
513091876L, -1563848136L, -358862438L, -126953008L, -1141252676L, 
457103508L, -1039352702L, 1887942080L, 1487856444L, 1326699664L, 
1471009570L, 1421110792L, 1150713100L, 1327502748L, 2118671890L, 
-1988834432L, 995803924L, 837849384L, -11072454L, -1430742064L, 
-81825172L, -1466013132L, 1380465298L, 1473084768L, 1773877580L, 
1883473888L, 1569236386L, -1277350488L, -1293932916L, -1547719236L, 
715492978L, -583083024L, -1121495484L, 2087528536L, 722704442L, 
-430974864L, -910858180L, -1055074028L, -228502846L, -965824800L, 
1534793852L, -599986480L, -1491416670L, 1006149672L, 531688204L, 
-616779332L, -1407175886L, -1640351040L, 1097810996L, -1715763512L, 
-1861360454L, 1460520592L, 940887788L, 1279167060L, -1293671790L, 
-595291872L, -1610343988L, -1883991328L, 651512002L, -2104028120L, 
-1580841044L, 1320858300L, -630461454L, 1103228464L, -349431900L, 
-237085256L, 1056057178L, -272564080L, -1857301636L, 2117894420L, 
254601538L, 1383340288L, 884919740L, 149072208L, -2028758750L, 
1634493000L, 345475084L, 1306797660L, -675898926L, -51909120L, 
1042763092L, 806108392L, 920041722L, -1036706096L, -160056532L, 
-77944588L, -75808366L, -2073590432L, 548398092L, 1130519776L, 
-727510430L, -874400600L, -1534466996L, -1541058692L, 1691396402L, 
-1471864208L, -653585596L, -309974056L, -2075673734L, -500565968L, 
1366282172L, -252847532L, 1696415810L, 461588128L, -283626820L, 
554951632L, -1156393630L, -564781336L, 3620044L, -1181562372L, 
509234674L, -405840768L, 1201842676L, -1678085496L, 826866490L, 
-1350073008L, 902841452L, 1183448468L, 1271531602L, -1626100256L, 
412443852L, 448581280L, -2017099390L, -1203433240L, 1468803820L, 
-1520960196L, 300877938L, -635809168L, 1884117540L, 806209592L, 
765544730L, 1949480144L, 507275580L, -940952684L, -750348414L, 
-1556890688L, -824732100L, -1727082096L, 74512418L, -1902936824L, 
-563771252L, -1651687652L, 673594514L, 1128590720L, -1072730092L, 
-775755992L, 1808438842L, 1267067344L, -843775636L, -1859146828L, 
74764818L, 1834141664L, -1877710388L, 1450019040L, -169913310L, 
-1369384152L, 1773632012L, -1518488772L, -1472972814L, 93864688L, 
-414385596L, 59008600L, -96434374L, 1744443376L, 207997628L, 
1889629460L, -122585918L, -200700832L, 839232892L, -1870083887L, 
1008506051L, 1784736708L, 2120454258L, 1546412359L, 1396411665L, 
-782837610L, 2105196020L, 1194979205L, -167612721L, 1324215240L, 
1612196454L, -1656769389L, -156763147L, -1456063022L, 292736544L, 
-265703415L, 352462139L, 541862028L, -523786982L, 2032274319L, 
1490367705L, -564380818L, 1783446268L, -882997139L, -69860329L, 
-1535445536L, 1200185790L, 517879691L, -545277939L, -864571334L, 
1118478456L, -576017375L, -588624173L, -1382085132L, 547647106L, 
-1478694121L, 371001825L, -687614170L, -1755610588L, -1950452523L, 
1766761599L, 1730758936L, -222914506L, 59870915L, 1888854789L, 
-1111914846L, -1953250160L, 1221719097L, 215854315L, 1899302364L, 
-1793723382L, 1888903935L, -1361527991L, -1979428642L, -701985140L, 
1255189085L, 1020602471L, -2042022512L, -760048210L, 1793667163L, 
-995280835L, 1605410474L, 29633352L, 372735857L, 1388267747L, 
-939118620L, 415557394L, -153699609L, 2068962481L, -1440592138L, 
954431764L, -1480049115L, -127446225L, -965520152L, 895235526L, 
30512243L, -406569259L, 606184626L, -1977538432L, -947977111L, 
9195739L, -1400073172L, 9342010L, -853107985L, -1931426439L, 
434084366L, -1381200932L, -1761237939L, -1728104521L, 1170155840L, 
1997352990L, -1485842709L, -68454803L, 1466842842L, -1400562024L, 
1908081921L, -774722893L, -798423596L, -610298654L, 459087223L, 
2001372353L, -1647822778L, -1969264764L, 2103697717L, -2063491297L, 
-1536634248L, -1710135466L, 921495011L, 664845221L, -1503557054L, 
361138224L, 422603865L, -1384672821L, 780272188L, -928289686L, 
-1396167009L, -126553303L, 1525874622L, 837308076L, 1798566909L, 
138128199L, 172166192L, -337846962L, -1837542021L, -1582722339L, 
591098634L, 110883368L, -2079782255L, 1023130243L, -631182460L, 
2072687026L, 1385844487L, 498650449L, -1076738858L, 2126131636L, 
1338623429L, -869227249L, -1318444152L, 1882213030L, -1755006381L, 
